50.0 0.0782874992841094
50.505050505050505 0.06515191050675134
51.01010101010101 0.05318212348580989
51.515151515151516 0.04252532021609479
52.02020202020202 0.03329011524636146
52.525252525252526 0.025523335252437697
53.03030303030303 0.019195084011661548
53.535353535353536 0.01419782255641439
54.04040404040404 0.010364458542502505
54.54545454545455 0.007496536409304323
55.05050505050505 0.0053931045373920156
55.55555555555556 0.0038726963098863966
56.06060606060606 0.0027841094781710977
56.56565656565657 0.0020084543704147017
57.07070707070707 0.0014563763678105046
57.57575757575758 0.0010627180990339723
58.08080808080808 0.0007809255486283972
58.58585858585859 0.000578095566457273
59.09090909090909 0.0004311499396857539
59.5959595959596 0.0003239349988028909
60.101010101010104 0.00024513468529227875
60.60606060606061 0.0001867875213338741
61.111111111111114 0.0001432651605501032
61.61616161616162 0.00011056450318931866
62.121212121212125 8.582632217434202e-05
62.62626262626263 6.698933161702989e-05
63.131313131313135 5.2554287387354784e-05
63.63636363636364 4.142389096651772e-05
64.14141414141415 3.279520808599391e-05
64.64646464646465 2.6071000575026458e-05
65.15151515151516 2.0804989538132318e-05
65.65656565656566 1.6660491305408825e-05
66.16161616161617 1.3384213940427866e-05
66.66666666666667 1.0784559002831719e-05
67.17171717171718 8.714109250868214e-06
67.67676767676768 7.0589100366914185e-06
68.18181818181819 5.7310480984773035e-06
68.68686868686869 4.662655670043153e-06
69.1919191919192 3.8007740202855825e-06
69.6969696969697 3.103624830624397e-06
70.20202020202021 2.5382611674609233e-06
70.70707070707071 2.0787392329722495e-06
71.21212121212122 1.7044806970508556e-06
71.71717171717172 1.3990870657704602e-06
72.22222222222223 1.1494644468684482e-06
72.72727272727273 9.45139785808303e-07
73.23232323232324 7.776482255858219e-07
73.73737373737374 6.401444868427149e-07
74.24242424242425 5.271246917759122e-07
74.74747474747474 4.341665263952061e-07
75.25252525252526 3.57661215017229e-07
75.75757575757575 2.946370673127194e-07
76.26262626262627 2.4267334033885313e-07
76.76767676767676 1.9981584445231897e-07
77.27272727272728 1.6446836938539721e-07
77.77777777777777 1.353073970609859e-07
78.28282828282829 1.1124228993469072e-07
78.78787878787878 9.138479423970429e-08
79.2929292929293 7.500678670076958e-08
79.79797979797979 6.150195110340598e-08
80.30303030303031 5.03680703939777e-08
80.8080808080808 4.119457892909575e-08
81.31313131313132 3.364400961782784e-08
81.81818181818181 2.7434554936930672e-08
82.32323232323233 2.23313409488357e-08
82.82828282828282 1.8141863344254986e-08
83.33333333333334 1.4708029560299589e-08
83.83838383838383 1.1897853817312743e-08
84.34343434343435 9.600972391444817e-09
84.84848484848484 7.726691255978988e-09
85.35353535353536 6.200736532566261e-09
85.85858585858585 4.9612204151967534e-09
86.36363636363637 3.956408792196386e-09
86.86868686868686 3.1437471071788684e-09
87.37373737373738 2.4885076987135917e-09
87.87878787878788 1.9619061669830953e-09
88.3838383838384 1.5399499850802635e-09
88.88888888888889 1.202945768470749e-09
89.3939393939394 9.348807900604443e-10
89.8989898989899 7.226081768387567e-10
90.40404040404042 5.552386610395932e-10
90.9090909090909 4.238729540529501e-10
91.41414141414143 3.2132959737177975e-10
91.91919191919192 2.417782235160139e-10
92.42424242424244 1.8044524263383393e-10
92.92929292929293 1.3346428800756735e-10
93.43434343434345 9.77494706485905e-11
93.93939393939394 7.083474609015638e-11
94.44444444444446 5.073503988117893e-11
94.94949494949495 3.5868257816579475e-11
95.45454545454547 2.4993662049859594e-11
95.95959595959596 1.7140258336070974e-11
96.46464646464648 1.15469441932036e-11
96.96969696969697 7.623186297348879e-12
97.47474747474749 4.918370139552443e-12
97.97979797979798 3.091540977359843e-12
98.48484848484848 1.885909222302365e-12
98.98989898989899 1.1108532798175638e-12
99.4949494949495 6.278159297197017e-13
100.0 3.3781091236134307e-13

